0    714
1    673
2    627
3    580
4    528
5    476
6    424
7    371
8    314
9    253
10    195
11    135
12    78
13    22
14    -32
15    -83
16    -133
17    -179
18    -220
19    -259
20    -293
21    -324
22    -353
23    -380
24    -405
25    -429
26    -451
27    -469
28    -486
29    -499
30    -509
31    -519
32    -530
33    -537
34    -541
35    -544
36    -546
37    -548
38    -548
39    -546
40    -545
41    -545
42    -545
43    -546
44    -548
45    -552
46    -555
47    -558
48    -561
49    -561
50    -561
51    -560
52    -558
53    -553
54    -545
55    -535
56    -523
57    -508
58    -488
59    -466
60    -440
61    -409
62    -379
63    -345
64    -309
65    -273
66    -233
67    -194
68    -152
69    -109
70    -68
71    -23
72    18
73    63
74    108
75    152
76    197
77    237
78    277
79    316
80    356
81    395
82    433
83    471
84    508
85    542
86    571
87    597
88    620
89    640
90    659
91    674
92    686
93    695
94    697
95    698
96    694
97    685
98    677
99    667
100    651
101    633
102    617
103    596
104    578
105    558
106    538
107    520
108    500
109    476
110    452
111    429
112    405
113    382
114    357
115    331
116    307
117    280
118    253
119    227
120    203
121    179
122    153
123    130
124    106
125    82
126    58
127    36
128    12
129    -12
130    -35
131    -57
132    -77
133    -96
134    -111
135    -125
136    -141
137    -152
138    -160
139    -166
140    -170
141    -169
142    -166
143    -162
144    -160
145    -158
146    -152
147    -145
148    -137
149    -132
150    -125
151    -116
152    -107
153    -94
154    -81
155    -69
156    -58
157    -45
158    -33
159    -23
160    -14
161    -9
162    -4
163    0
164    -2
165    -4
166    -8
167    -12
168    -18
169    -27
170    -38
171    -51
172    -62
173    -73
174    -86
175    -101
176    -115
177    -127
178    -140
179    -153
180    -164
181    -176
182    -187
183    -199
184    -210
185    -217
186    -226
187    -237
188    -244
189    -253
190    -256
191    -258
192    -259
193    -255
194    -249
195    -242
196    -232
197    -221
198    -208
199    -189
200    -170
201    -151
202    -128
203    -105
204    -79
205    -53
206    -26
207    3
208    34
209    68
210    102
211    140
212    178
213    218
214    263
215    306
216    351
217    394
218    437
219    482
220    527
221    568
222    606
223    643
224    675
225    704
226    733
227    759
228    782
229    803
230    818
231    833
232    845
233    852
234    859
235    865
236    867
237    865
238    860
239    851
240    841
241    828
242    810
243    790
244    765
245    737
246    706
247    671
248    636
249    601
250    561
251    520
252    480
253    437
254    394
255    349
256    302
257    257
258    213
259    170
260    125
261    78
262    31
263    -13
264    -58
265    -107
266    -157
267    -205
268    -251
269    -295
270    -339
271    -381
272    -421
273    -457
274    -489
275    -520
276    -543
277    -566
278    -590
279    -611
280    -629
281    -642
282    -653
283    -666
284    -677
285    -683
286    -685
287    -682
288    -677
289    -673
290    -665
291    -651
292    -633
293    -614
294    -591
295    -567
296    -539
297    -510
298    -480
299    -445
300    -412
301    -375
302    -338
303    -304
304    -266
305    -227
306    -189
307    -151
308    -114
309    -77
310    -39
311    -5
312    26
313    55
314    84
315    108
316    127
317    147
318    161
319    171
320    181
321    188
322    192
323    194
324    195
325    197
326    197
327    196
328    195
329    194
330    194
331    194
332    193
333    193
334    193
335    194
336    194
337    196
338    198
339    199
340    201
341    203
342    204
343    207
344    207
345    208
346    212
347    216
348    219
349    219
350    221
351    224
352    228
353    235
354    241
355    249
356    258
357    268
358    277
359    288
360    301
361    313
362    326
363    338
364    351
365    367
366    383
367    399
368    415
369    431
370    450
371    469
372    490
373    512
374    532
375    551
376    572
377    588
378    604
379    618
380    629
381    642
382    651
383    660
384    669
385    675
386    679
387    679
388    680
389    679
390    676
391    669
392    660
393    647
394    632
395    614
396    594
397    575
398    556
399    533
400    507
401    479
402    452
403    426
404    404
405    379
406    352
407    326
408    299
409    272
410    246
411    217
412    187
413    159
414    131
415    101
416    69
417    37
418    8
419    -19
420    -45
421    -73
422    -98
423    -120
424    -144
425    -167
426    -192
427    -218
428    -242
429    -269
430    -296
431    -326
432    -355
433    -383
434    -412
435    -443
436    -474
437    -507
438    -540
439    -573
440    -606
441    -637
442    -670
443    -698
444    -726
445    -754
446    -777
447    -801
448    -823
449    -842
450    -860
451    -876
452    -891
453    -904
454    -915
455    -923
456    -934
457    -942
458    -950
459    -957
460    -959
461    -962
462    -960
463    -955
464    -949
465    -936
466    -926
467    -910
468    -889
469    -867
470    -845
471    -819
472    -784
473    -751
474    -716
475    -677
476    -635
477    -593
478    -546
479    -494
480    -445
481    -393
482    -342
483    -288
484    -229
485    -171
486    -109
487    -46
488    13
489    77
490    145
491    214
492    283
493    350
494    418
495    488
496    558
497    629
498    698
499    764
500    831
501    900
502    968
503    1032
504    1094
505    1154
506    1210
507    1262
508    1310
509    1357
510    1399
511    1434
512    1466
513    1496
514    1519
515    1536
516    1549
517    1557
518    1562
519    1563
520    1560
521    1556
522    1546
523    1535
524    1521
525    1503
526    1485
527    1463
528    1440
529    1415
530    1390
531    1362
532    1331
533    1300
534    1265
535    1228
536    1189
537    1150
538    1110
539    1069
540    1029
541    984
542    938
543    893
544    847
545    800
546    750
547    702
548    655
549    607
550    561
551    513
552    464
553    416
554    367
555    319
556    270
557    215
558    161
559    107
560    51
561    -4
562    -61
563    -118
564    -180
565    -238
566    -297
567    -356
568    -415
569    -476
570    -536
571    -594
572    -652
573    -710
574    -766
575    -823
576    -879
577    -937
578    -995
579    -1052
580    -1110
581    -1167
582    -1224
583    -1280
584    -1333
585    -1385
586    -1431
587    -1472
588    -1511
589    -1544
590    -1573
591    -1597
592    -1618
593    -1634
594    -1645
595    -1654
596    -1660
597    -1664
598    -1663
599    -1658
600    -1649
601    -1638
602    -1625
603    -1607
604    -1586
605    -1559
606    -1528
607    -1496
608    -1459
609    -1421
610    -1380
611    -1336
612    -1289
613    -1241
614    -1195
615    -1148
616    -1095
617    -1043
618    -988
619    -929
620    -869
621    -803
622    -732
623    -659
624    -582
625    -504
626    -424
627    -338
628    -251
629    -156
630    -58
631    39
632    141
633    243
634    351
635    460
636    567
637    674
638    782
639    889
640    993
641    1096
642    1198
643    1300
644    1398
645    1498
646    1593
647    1684
648    1776
649    1863
650    1950
651    2032
652    2114
653    2191
654    2264
655    2336
656    2401
657    2460
658    2509
659    2553
660    2592
661    2621
662    2643
663    2658
664    2667
665    2666
666    2655
667    2636
668    2609
669    2574
670    2532
671    2483
672    2428
673    2362
674    2291
675    2216
676    2134
677    2044
678    1948
679    1846
680    1740
681    1630
682    1514
683    1395
684    1272
685    1147
686    1020
687    885
688    749
689    616
690    481
691    345
692    207
693    70
694    -65
695    -204
696    -341
697    -476
698    -608
699    -740
700    -870
701    -996
702    -1117
703    -1232
704    -1342
705    -1445
706    -1544
707    -1641
708    -1731
709    -1818
710    -1904
711    -1982
712    -2051
713    -2114
714    -2170
715    -2217
716    -2262
717    -2303
718    -2335
719    -2362
720    -2383
721    -2398
722    -2407
723    -2408
724    -2403
725    -2394
726    -2376
727    -2353
728    -2323
729    -2284
730    -2238
731    -2184
732    -2124
733    -2059
734    -1987
735    -1910
736    -1830
737    -1743
738    -1652
739    -1556
740    -1458
741    -1360
742    -1259
743    -1157
744    -1051
745    -944
746    -838
747    -730
748    -622
749    -510
750    -398
751    -290
752    -182
753    -72
754    36
755    144
756    251
757    356
758    459
759    561
760    659
761    755
762    845
763    933
764    1018
765    1100
766    1179
767    1251
768    1320
769    1387
770    1451
771    1509
772    1561
773    1607
774    1648
775    1683
776    1711
777    1736
778    1753
779    1767
780    1777
781    1778
782    1776
783    1771
784    1759
785    1740
786    1717
787    1693
788    1669
789    1639
790    1605
791    1571
792    1534
793    1493
794    1452
795    1409
796    1364
797    1320
798    1270
799    1217
800    1165
801    1106
802    1052
803    998
804    939
805    884
806    828
807    771
808    714
809    657
810    604
811    548
812    492
813    441
814    389
815    337
816    287
817    241
818    199
819    159
820    122
821    88
822    55
823    24
824    -4
825    -29
826    -51
827    -73
828    -96
829    -118
830    -142
831    -166
832    -187
833    -207
834    -228
835    -248
836    -269
837    -288
838    -304
839    -320
840    -336
841    -351
842    -367
843    -383
844    -401
845    -415
846    -427
847    -444
848    -457
849    -469
850    -483
851    -496
852    -507
853    -517
854    -527
855    -537
856    -545
857    -555
858    -564
859    -570
860    -576
861    -583
862    -588
863    -592
864    -595
865    -595
866    -595
867    -592
868    -586
869    -578
870    -568
871    -559
872    -548
873    -536
874    -524
875    -508
876    -493
877    -476
878    -456
879    -435
880    -411
881    -385
882    -361
883    -335
884    -308
885    -276
886    -245
887    -218
888    -194
889    -173
890    -149
891    -128
892    -110
893    -95
894    -80
895    -65
896    -55
897    -44
898    -34
899    -28
900    -21
901    -17
902    -16
903    -18
904    -24
905    -30
906    -39
907    -48
908    -61
909    -77
910    -91
911    -107
912    -124
913    -139
914    -155
915    -171
916    -187
917    -200
918    -211
919    -222
920    -233
921    -240
922    -244
923    -248
924    -245
925    -239
926    -231
927    -219
928    -206
929    -189
930    -168
931    -141
932    -113
933    -82
934    -46
935    -6
936    35
937    81
938    130
939    180
940    230
941    282
942    338
943    391
944    442
945    500
946    558
947    612
948    669
949    723
950    773
951    822
952    869
953    921
954    969
955    1012
956    1055
957    1096
958    1136
959    1175
960    1212
961    1244
962    1275
963    1308
964    1337
965    1361
966    1384
967    1400
968    1411
969    1417
970    1419
971    1420
972    1413
973    1398
974    1382
975    1357
976    1328
977    1295
978    1252
979    1205
980    1153
981    1097
982    1037
983    973
984    911
985    844
986    773
987    701
988    624
989    549
990    476
991    403
992    328
993    249
994    172
995    98
996    26
997    -44
998    -116
999    -188
1000    -257
1001    -326
1002    -393
1003    -456
1004    -516
1005    -573
1006    -627
1007    -680
1008    -731
1009    -780
1010    -824
1011    -868
1012    -909
1013    -944
1014    -979
1015    -1013
1016    -1042
1017    -1069
1018    -1095
1019    -1114
1020    -1129
1021    -1144
1022    -1154
1023    -1156
1024    -1155
1025    -1149
1026    -1140
1027    -1126
1028    -1104
1029    -1078
1030    -1050
1031    -1017
1032    -982
1033    -944
1034    -903
1035    -860
1036    -817
1037    -779
1038    -736
1039    -695
1040    -658
1041    -620
1042    -583
1043    -547
1044    -516
1045    -486
1046    -454
1047    -428
1048    -403
1049    -378
1050    -353
1051    -330
1052    -308
1053    -285
1054    -264
1055    -242
1056    -220
1057    -194
1058    -167
1059    -138
1060    -107
1061    -77
1062    -45
1063    -11
1064    22
1065    57
1066    91
1067    126
1068    162
1069    195
1070    225
1071    257
1072    286
1073    312
1074    339
1075    365
1076    388
1077    411
1078    433
1079    454
1080    476
1081    495
1082    516
1083    538
1084    561
1085    584
1086    606
1087    630
1088    652
1089    674
1090    700
1091    726
1092    754
1093    777
1094    801
1095    825
1096    846
1097    868
1098    887
1099    901
1100    915
1101    928
1102    937
1103    943
1104    948
1105    955
1106    958
1107    958
1108    957
1109    956
1110    950
1111    947
1112    943
1113    934
1114    924
1115    910
1116    895
1117    880
1118    864
1119    844
1120    822
1121    799
1122    771
1123    742
1124    712
1125    683
1126    654
1127    623
1128    594
1129    560
1130    529
1131    501
1132    469
1133    437
1134    409
1135    378
1136    347
1137    317
1138    287
1139    255
1140    224
1141    195
1142    163
1143    131
1144    98
1145    62
1146    24
1147    -14
1148    -52
1149    -91
1150    -130
1151    -168
1152    -208
1153    -246
1154    -284
1155    -320
1156    -355
1157    -391
1158    -426
1159    -462
1160    -494
1161    -523
1162    -555
1163    -586
1164    -616
1165    -647
1166    -677
1167    -703
1168    -729
1169    -755
1170    -780
1171    -803
1172    -823
1173    -838
1174    -851
1175    -862
1176    -871
1177    -875
1178    -877
1179    -874
1180    -870
1181    -867
1182    -860
1183    -849
1184    -833
1185    -816
1186    -797
1187    -774
1188    -751
1189    -725
1190    -697
1191    -667
1192    -635
1193    -601
1194    -567
1195    -531
1196    -492
1197    -453
1198    -413
1199    -373
1200    -331
1201    -288
1202    -243
1203    -199
1204    -158
1205    -113
1206    -68
1207    -23
1208    23
1209    67
1210    108
1211    149
1212    194
1213    237
1214    276
1215    316
1216    357
1217    393
1218    426
1219    459
1220    485
1221    511
1222    534
1223    555
1224    577
1225    590
1226    600
1227    607
1228    614
1229    619
1230    621
1231    621
1232    617
1233    613
1234    610
1235    603
1236    596
1237    589
1238    583
1239    577
1240    570
1241    562
1242    552
1243    541
1244    528
1245    516
1246    501
1247    484
1248    470
1249    457
1250    447
1251    434
1252    419
1253    407
1254    396
1255    389
1256    382
1257    373
1258    366
1259    360
1260    357
1261    358
1262    359
1263    358
1264    357
1265    358
1266    361
1267    363
1268    363
1269    361
1270    358
1271    358
1272    358
1273    356
1274    352
1275    346
1276    338
1277    330
1278    321
1279    307
1280    293
1281    278
1282    260
1283    242
1284    226
1285    209
1286    190
1287    173
1288    153
1289    133
1290    119
1291    106
1292    94
1293    82
1294    71
1295    61
1296    53
1297    45
1298    40
1299    34
1300    27
1301    20
1302    11
1303    6
1304    3
1305    2
1306    0
1307    -2
1308    -6
1309    -5
1310    -5
1311    -5
1312    -4
1313    -6
1314    -4
1315    -1
1316    1
1317    4
1318    0
1319    0
1320    -4
1321    -8
1322    -12
1323    -18
1324    -26
1325    -35
1326    -48
1327    -63
1328    -77
1329    -91
1330    -105
1331    -118
1332    -132
1333    -146
1334    -158
1335    -168
1336    -177
1337    -187
1338    -197
1339    -207
1340    -217
1341    -222
1342    -229
1343    -237
1344    -245
1345    -254
1346    -264
1347    -273
1348    -281
1349    -289
1350    -297
1351    -307
1352    -318
1353    -328
1354    -338
1355    -347
1356    -355
1357    -360
1358    -363
1359    -368
1360    -372
1361    -374
1362    -373
1363    -369
1364    -361
1365    -352
1366    -345
1367    -333
1368    -320
1369    -307
1370    -294
1371    -279
1372    -258
1373    -238
1374    -218
1375    -193
1376    -171
1377    -147
1378    -118
1379    -87
1380    -54
1381    -20
1382    12
1383    47
1384    83
1385    122
1386    161
1387    200
1388    237
1389    274
1390    311
1391    343
1392    371
1393    397
1394    421
1395    443
1396    461
1397    480
1398    497
1399    509
1400    519
1401    528
1402    535
1403    541
1404    546
1405    549
1406    550
1407    550
1408    548
1409    543
1410    540
1411    537
1412    532
1413    526
1414    519
1415    512
1416    504
1417    495
1418    485
1419    475
1420    463
1421    451
1422    439
1423    427
1424    415
1425    403
1426    390
1427    377
1428    361
1429    345
1430    333
1431    318
1432    303
1433    289
1434    272
1435    258
1436    245
1437    233
1438    220
1439    204
1440    188
1441    171
1442    155
1443    142
1444    129
1445    115
1446    105
1447    94
1448    84
1449    75
1450    67
1451    62
1452    58
1453    57
1454    56
1455    55
1456    54
1457    52
1458    51
1459    48
1460    45
1461    42
1462    38
1463    36
1464    35
1465    30
1466    26
1467    24
1468    19
1469    15
1470    8
1471    4
1472    0
1473    -1
1474    -6
1475    -11
1476    -14
1477    -18
1478    -20
1479    -25
1480    -29
1481    -35
1482    -43
1483    -51
1484    -57
1485    -63
1486    -71
1487    -80
1488    -87
1489    -96
1490    -104
1491    -110
1492    -115
1493    -119
1494    -125
1495    -131
1496    -137
1497    -143
1498    -146
1499    -154
1500    -158
1501    -159
1502    -161
1503    -162
1504    -161
1505    -158
1506    -152
1507    -146
1508    -141
1509    -133
1510    -129
1511    -123
1512    -113
1513    -104
1514    -93
1515    -83
1516    -74
1517    -64
1518    -53
1519    -42
1520    -33
1521    -21
1522    -7
1523    3
1524    14
1525    27
1526    41
1527    54
1528    67
1529    82
1530    94
1531    102
1532    110
1533    118
1534    129
1535    137
1536    142
1537    146
1538    148
1539    151
1540    153
1541    154
1542    153
1543    153
1544    156
1545    160
1546    165
1547    169
1548    174
1549    181
1550    188
1551    193
1552    198
1553    202
1554    206
1555    210
1556    215
1557    222
1558    224
1559    225
1560    223
1561    223
1562    225
1563    229
1564    234
1565    237
1566    244
1567    254
1568    263
1569    273
1570    280
1571    287
1572    293
1573    298
1574    304
1575    305
1576    306
1577    303
1578    295
1579    287
1580    278
1581    264
1582    250
1583    235
1584    217
1585    197
1586    175
1587    151
1588    130
1589    107
1590    80
1591    52
1592    27
1593    3
1594    -23
1595    -49
1596    -75
1597    -103
1598    -132
1599    -160
1600    -187
1601    -212
1602    -235
1603    -258
1604    -277
1605    -295
1606    -312
1607    -327
1608    -339
1609    -345
1610    -348
1611    -349
1612    -345
1613    -339
1614    -330
1615    -316
1616    -298
1617    -277
1618    -254
1619    -227
1620    -201
1621    -173
1622    -142
1623    -109
1624    -74
1625    -38
1626    -1
1627    36
1628    75
1629    113
1630    150
1631    190
1632    227
1633    264
1634    304
1635    343
1636    382
1637    419
1638    455
1639    492
1640    527
1641    561
1642    594
1643    625
1644    655
1645    680
1646    701
1647    720
1648    734
1649    747
1650    754
1651    757
1652    758
1653    759
1654    759
1655    755
1656    748
1657    739
1658    728
1659    711
1660    694
1661    675
1662    655
1663    636
1664    609
1665    582
1666    554
1667    528
1668    502
1669    473
1670    449
1671    423
1672    396
1673    372
1674    348
1675    320
1676    289
1677    257
1678    222
1679    187
1680    153
1681    117
1682    74
1683    34
1684    -5
1685    -45
1686    -87
1687    -132
1688    -174
1689    -219
1690    -265
1691    -311
1692    -360
1693    -408
1694    -459
1695    -510
1696    -560
1697    -610
1698    -660
1699    -711
1700    -758
1701    -804
1702    -852
1703    -895
1704    -933
1705    -970
1706    -1004
1707    -1031
1708    -1057
1709    -1078
1710    -1094
1711    -1107
1712    -1117
1713    -1124
1714    -1122
1715    -1113
1716    -1096
1717    -1076
1718    -1051
1719    -1022
1720    -990
1721    -954
1722    -914
1723    -868
1724    -821
1725    -770
1726    -714
1727    -659
1728    -597
1729    -531
1730    -463
1731    -393
1732    -323
1733    -247
1734    -167
1735    -88
1736    -7
1737    72
1738    155
1739    236
1740    317
1741    399
1742    474
1743    550
1744    622
1745    688
1746    753
1747    814
1748    870
1749    920
1750    967
1751    1009
1752    1046
1753    1080
1754    1110
1755    1138
1756    1159
1757    1178
1758    1193
1759    1199
1760    1205
1761    1205
1762    1203
1763    1200
1764    1193
1765    1182
1766    1165
1767    1148
1768    1130
1769    1110
1770    1089
1771    1066
1772    1041
1773    1014
1774    987
1775    958
1776    929
1777    901
1778    871
1779    841
1780    813
1781    784
1782    750
1783    716
1784    681
1785    644
1786    606
1787    565
1788    523
1789    480
1790    436
1791    392
1792    350
1793    307
1794    264
1795    223
1796    180
1797    139
1798    98
1799    60
1800    24
1801    -12
1802    -46
1803    -79
1804    -111
1805    -141
1806    -169
1807    -198
1808    -223
1809    -245
1810    -265
1811    -283
1812    -300
1813    -315
1814    -329
1815    -346
1816    -359
1817    -372
1818    -387
1819    -403
1820    -421
1821    -434
1822    -448
1823    -462
1824    -476
1825    -494
1826    -508
1827    -521
1828    -531
1829    -537
1830    -543
1831    -546
1832    -546
1833    -542
1834    -538
1835    -533
1836    -524
1837    -515
1838    -502
1839    -488
1840    -476
1841    -468
1842    -459
1843    -450
1844    -442
1845    -434
1846    -425
1847    -417
1848    -410
1849    -397
1850    -383
1851    -374
1852    -367
1853    -360
1854    -354
1855    -350
1856    -347
1857    -344
1858    -341
1859    -341
1860    -340
1861    -339
1862    -334
1863    -329
1864    -326
1865    -320
1866    -311
1867    -303
1868    -293
1869    -282
1870    -268
1871    -251
1872    -232
1873    -211
1874    -189
1875    -166
1876    -139
1877    -113
1878    -87
1879    -58
1880    -30
1881    -1
1882    30
1883    60
1884    92
1885    123
1886    157
1887    194
1888    229
1889    268
1890    307
1891    346
1892    385
1893    421
1894    460
1895    497
1896    534
1897    572
1898    606
1899    641
1900    670
1901    697
1902    720
1903    741
1904    763
1905    779
1906    796
1907    812
1908    825
1909    837
1910    848
1911    859
1912    869
1913    877
1914    886
1915    893
1916    893
1917    892
1918    890
1919    883
1920    874
1921    859
1922    841
1923    822
1924    800
1925    778
1926    751
1927    721
1928    691
1929    661
1930    631
1931    597
1932    562
1933    527
1934    494
1935    459
1936    424
1937    388
1938    351
1939    316
1940    280
1941    245
1942    209
1943    174
1944    141
1945    104
1946    67
1947    31
1948    -3
1949    -38
1950    -73
1951    -107
1952    -138
1953    -167
1954    -196
1955    -223
1956    -248
1957    -272
1958    -293
1959    -313
1960    -329
1961    -346
1962    -364
1963    -378
1964    -391
1965    -403
1966    -415
1967    -427
1968    -439
1969    -452
1970    -463
1971    -473
1972    -485
1973    -492
1974    -500
1975    -506
1976    -508
1977    -511
1978    -511
1979    -512
1980    -510
1981    -507
1982    -508
1983    -505
1984    -500
1985    -494
1986    -489
1987    -484
1988    -476
1989    -463
1990    -449
1991    -432
1992    -406
1993    -378
1994    -349
1995    -316
1996    -282
1997    -245
1998    -204
1999    -161
2000    -121
2001    -81
2002    -42
2003    -4
2004    33
2005    69
2006    104
2007    141
2008    174
2009    207
2010    239
2011    269
2012    298
2013    327
2014    353
2015    377
2016    400
2017    419
2018    436
2019    448
2020    460
2021    471
2022    480
2023    487
2024    491
2025    496
2026    498
2027    497
2028    494
2029    487
2030    480
2031    468
2032    451
2033    436
2034    419
2035    400
2036    376
2037    352
2038    328
2039    302
2040    280
2041    256
2042    232
2043    208
2044    186
2045    163
2046    141
2047    122
2048    106
2049    91
2050    75
2051    64
2052    54
2053    44
2054    39
2055    36
2056    31
2057    25
2058    19
2059    14
2060    11
2061    9
2062    12
2063    14
2064    18
2065    24
2066    31
2067    39
2068    49
2069    62
2070    73
2071    83
2072    96
2073    107
2074    115
2075    124
2076    131
2077    137
2078    141
2079    149
2080    154
2081    160
2082    167
2083    169
2084    170
2085    171
2086    171
2087    171
2088    175
2089    177
2090    175
2091    174
2092    170
2093    169
2094    167
2095    162
2096    156
2097    148
2098    139
2099    132
2100    121
2101    106
2102    92
2103    78
2104    65
2105    49
2106    31
2107    12
2108    -5
2109    -23
2110    -42
2111    -57
2112    -73
2113    -89
2114    -100
2115    -109
2116    -115
2117    -120
2118    -125
2119    -129
2120    -129
2121    -125
2122    -119
2123    -112
2124    -106
2125    -98
2126    -92
2127    -86
2128    -82
2129    -79
2130    -73
2131    -66
2132    -58
2133    -52
2134    -50
2135    -46
2136    -41
2137    -35
2138    -27
2139    -20
2140    -16
2141    -8
2142    0
2143    9
2144    20
2145    28
2146    36
2147    47
2148    53
2149    59
2150    69
2151    76
2152    85
2153    93
2154    97
2155    101
2156    107
2157    111
2158    116
2159    120
2160    126
2161    130
2162    135
2163    138
2164    139
2165    140
2166    139
2167    142
2168    146
2169    150
2170    153
2171    155
2172    156
2173    158
2174    163
2175    169
2176    173
2177    176
2178    180
2179    182
2180    182
2181    186
2182    190
2183    193
2184    196
2185    199
2186    203
2187    206
2188    212
2189    219
2190    224
2191    231
2192    237
2193    244
2194    249
2195    255
2196    263
2197    271
2198    280
2199    289
2200    299
2201    308
2202    319
2203    334
2204    348
2205    359
2206    370
2207    384
2208    397
2209    410
2210    424
2211    433
2212    442
2213    450
2214    454
2215    457
2216    460
2217    460
2218    460
2219    457
2220    451
2221    444
2222    434
2223    421
2224    407
2225    395
2226    379
2227    360
2228    341
2229    320
2230    297
2231    272
2232    245
2233    216
2234    183
2235    149
2236    111
2237    73
2238    34
2239    -11
2240    -57
2241    -107
2242    -156
2243    -206
2244    -260
2245    -313
2246    -367
2247    -420
2248    -471
2249    -520
2250    -565
2251    -610
2252    -652
2253    -691
2254    -729
2255    -764
2256    -797
2257    -828
2258    -855
2259    -884
2260    -911
2261    -935
2262    -958
2263    -980
2264    -999
2265    -1015
2266    -1025
2267    -1029
2268    -1030
2269    -1022
2270    -1008
2271    -990
2272    -962
2273    -928
2274    -888
2275    -843
2276    -790
2277    -727
2278    -663
2279    -594
2280    -520
2281    -441
2282    -357
2283    -268
2284    -180
2285    -87
2286    9
2287    104
2288    200
2289    298
2290    396
2291    490
2292    582
2293    671
2294    757
2295    840
2296    922
2297    1000
2298    1071
2299    1138
2300    1197
2301    1249
2302    1298
2303    1338
2304    1368
2305    1392
2306    1411
2307    1423
2308    1430
2309    1434
2310    1432
2311    1425
2312    1415
2313    1400
2314    1380
2315    1356
2316    1327
2317    1297
2318    1263
2319    1225
2320    1184
2321    1139
2322    1091
2323    1039
2324    987
2325    932
2326    874
2327    816
2328    757
2329    697
2330    638
2331    579
2332    519
2333    462
2334    407
2335    352
2336    301
2337    248
2338    197
2339    148
2340    101
2341    54
2342    10
2343    -30
2344    -73
2345    -113
2346    -152
2347    -191
2348    -227
2349    -260
2350    -289
2351    -318
2352    -345
2353    -370
2354    -393
2355    -414
2356    -432
2357    -449
2358    -465
2359    -478
2360    -493
2361    -508
2362    -523
2363    -543
2364    -561
2365    -578
2366    -596
2367    -614
2368    -632
2369    -649
2370    -664
2371    -676
2372    -688
2373    -697
2374    -703
2375    -707
2376    -707
2377    -705
2378    -702
2379    -700
2380    -697
2381    -690
2382    -682
2383    -675
2384    -667
2385    -660
2386    -651
2387    -638
2388    -626
2389    -615
2390    -601
2391    -585
2392    -567
2393    -547
2394    -527
2395    -505
2396    -480
2397    -450
2398    -415
2399    -381
2400    -345
2401    -306
2402    -269
2403    -231
2404    -193
2405    -155
2406    -118
2407    -83
2408    -49
2409    -17
2410    12
2411    37
2412    57
2413    79
2414    100
2415    117
2416    135
2417    150
2418    158
2419    166
2420    177
2421    188
2422    200
2423    209
2424    215
2425    222
2426    227
2427    232
2428    238
2429    242
2430    247
2431    256
2432    261
2433    268
2434    282
2435    292
2436    306
2437    325
2438    341
2439    363
2440    385
2441    405
2442    429
2443    451
2444    474
2445    496
2446    514
2447    534
2448    554
2449    571
2450    586
2451    602
2452    613
2453    629
2454    643
2455    653
2456    670
2457    683
2458    697
2459    716
2460    731
2461    745
2462    764
2463    779
2464    794
2465    810
2466    817
2467    823
2468    831
2469    835
2470    838
2471    839
2472    832
2473    824
2474    816
2475    804
2476    793
2477    778
2478    759
2479    743
2480    723
2481    703
2482    684
2483    665
2484    643
2485    620
2486    598
2487    573
2488    549
2489    527
2490    502
2491    478
2492    448
2493    418
2494    391
2495    359
2496    329
2497    301
2498    268
2499    236
2500    205
2501    172
2502    141
2503    108
2504    73
2505    45
2506    14
2507    -20
2508    -54
2509    -89
2510    -124
2511    -156
2512    -187
2513    -220
2514    -251
2515    -283
2516    -317
2517    -349
2518    -382
2519    -413
2520    -443
2521    -475
2522    -503
2523    -532
2524    -563
2525    -594
2526    -624
2527    -653
2528    -686
2529    -717
2530    -745
2531    -772
2532    -797
2533    -819
2534    -839
2535    -859
2536    -877
2537    -888
2538    -899
2539    -910
2540    -918
2541    -921
2542    -923
2543    -926
2544    -921
2545    -911
2546    -904
2547    -892
2548    -877
2549    -862
2550    -846
2551    -826
2552    -804
2553    -783
2554    -764
2555    -742
2556    -719
2557    -698
2558    -674
2559    -648
2560    -624
2561    -598
2562    -571
2563    -541
2564    -505
2565    -471
2566    -435
2567    -393
2568    -349
2569    -301
2570    -248
2571    -195
2572    -139
2573    -80
2574    -22
2575    35
2576    94
2577    150
2578    206
2579    262
2580    316
2581    368
2582    417
2583    466
2584    516
2585    561
2586    602
2587    646
2588    688
2589    725
2590    765
2591    803
2592    840
2593    878
2594    913
2595    947
2596    982
2597    1014
2598    1044
2599    1075
2600    1100
2601    1125
2602    1146
2603    1162
2604    1181
2605    1196
2606    1208
2607    1218
2608    1225
2609    1231
2610    1233
2611    1233
2612    1232
2613    1231
2614    1230
2615    1224
2616    1220
2617    1215
2618    1208
2619    1201
2620    1191
2621    1183
2622    1172
2623    1158
2624    1144
2625    1125
2626    1104
2627    1079
2628    1049
2629    1016
2630    981
2631    943
2632    901
2633    857
2634    806
2635    753
2636    697
2637    636
2638    574
2639    511
2640    446
2641    378
2642    308
2643    236
2644    166
2645    95
2646    24
2647    -44
2648    -113
2649    -181
2650    -249
2651    -314
2652    -376
2653    -434
2654    -487
2655    -538
2656    -584
2657    -630
2658    -674
2659    -715
2660    -753
2661    -786
2662    -817
2663    -847
2664    -876
2665    -904
2666    -932
2667    -958
2668    -984
2669    -1014
2670    -1045
2671    -1076
2672    -1107
2673    -1135
2674    -1163
2675    -1191
2676    -1217
2677    -1239
2678    -1258
2679    -1275
2680    -1287
2681    -1298
2682    -1302
2683    -1302
2684    -1300
2685    -1295
2686    -1287
2687    -1271
2688    -1252
2689    -1229
2690    -1204
2691    -1176
2692    -1142
2693    -1108
2694    -1073
2695    -1035
2696    -995
2697    -952
2698    -907
2699    -861
2700    -814
2701    -763
2702    -707
2703    -650
2704    -590
2705    -532
2706    -470
2707    -402
2708    -333
2709    -262
2710    -188
2711    -114
2712    -38
2713    42
2714    123
2715    202
2716    282
2717    363
2718    443
2719    523
2720    601
2721    673
2722    743
2723    807
2724    870
2725    930
2726    987
2727    1039
2728    1089
2729    1138
2730    1182
2731    1226
2732    1266
2733    1301
2734    1335
2735    1364
2736    1389
2737    1411
2738    1429
2739    1443
2740    1450
2741    1453
2742    1453
2743    1451
2744    1445
2745    1438
2746    1427
2747    1414
2748    1400
2749    1384
2750    1368
2751    1352
2752    1335
2753    1318
2754    1300
2755    1281
2756    1260
2757    1237
2758    1213
2759    1190
2760    1163
2761    1134
2762    1102
2763    1069
2764    1034
2765    998
2766    959
2767    915
2768    871
2769    825
2770    778
2771    728
2772    675
2773    624
2774    570
2775    514
2776    456
2777    400
2778    341
2779    278
2780    213
2781    144
2782    77
2783    5
2784    -69
2785    -142
2786    -216
2787    -293
2788    -368
2789    -443
2790    -519
2791    -595
2792    -668
2793    -736
2794    -801
2795    -864
2796    -921
2797    -976
2798    -1027
2799    -1071
2800    -1111
2801    -1148
2802    -1180
2803    -1207
2804    -1227
2805    -1244
2806    -1256
2807    -1263
2808    -1266
2809    -1263
2810    -1254
2811    -1242
2812    -1230
2813    -1213
2814    -1194
2815    -1174
2816    -1149
2817    -1121
2818    -1090
2819    -1057
2820    -1025
2821    -989
2822    -951
2823    -913
2824    -872
2825    -829
2826    -786
2827    -739
2828    -691
2829    -643
2830    -596
2831    -549
2832    -503
2833    -454
2834    -406
2835    -357
2836    -308
2837    -262
2838    -213
2839    -166
2840    -118
2841    -69
2842    -21
2843    27
2844    72
2845    116
2846    162
2847    205
2848    249
2849    293
2850    337
2851    379
2852    419
2853    455
2854    489
2855    524
2856    555
2857    584
2858    610
2859    635
2860    659
2861    678
2862    695
2863    709
2864    723
2865    733
2866    740
2867    748
2868    753
2869    761
2870    768
2871    775
2872    778
2873    782
2874    787
2875    790
2876    790
2877    792
2878    797
2879    800
2880    801
2881    805
2882    808
2883    810
2884    817
2885    822
2886    826
2887    830
2888    833
2889    833
2890    831
2891    829
2892    823
2893    816
2894    806
2895    792
2896    781
2897    767
2898    748
2899    728
2900    702
2901    674
2902    644
2903    610
2904    579
2905    544
2906    509
2907    471
2908    431
2909    392
2910    355
2911    318
2912    279
2913    243
2914    208
2915    177
2916    147
2917    114
2918    80
2919    46
2920    17
2921    -12
2922    -39
2923    -67
2924    -98
2925    -127
2926    -153
2927    -179
2928    -203
2929    -229
2930    -253
2931    -277
2932    -297
2933    -314
2934    -330
2935    -340
2936    -352
2937    -363
2938    -373
2939    -383
2940    -392
2941    -403
2942    -414
2943    -426
2944    -439
2945    -453
2946    -468
2947    -484
2948    -501
2949    -516
2950    -534
2951    -551
2952    -567
2953    -582
2954    -597
2955    -614
2956    -628
2957    -639
2958    -650
2959    -661
2960    -672
2961    -681
2962    -689
2963    -696
2964    -701
2965    -705
2966    -708
2967    -711
2968    -712
2969    -713
2970    -711
2971    -705
2972    -695
2973    -683
2974    -667
2975    -643
2976    -618
2977    -588
2978    -554
2979    -514
2980    -470
2981    -421
2982    -365
2983    -305
2984    -244
2985    -180
2986    -112
2987    -44
2988    21
2989    88
2990    150
2991    214
2992    279
2993    338
2994    395
2995    450
2996    501
2997    549
2998    598
2999    642
3000    682
3001    719
3002    751
3003    785
3004    819
3005    848
3006    874
3007    897
3008    919
3009    936
3010    949
3011    962
3012    972
3013    981
3014    989
3015    997
3016    1002
3017    1005
3018    1009
3019    1008
3020    1007
3021    1006
3022    1002
3023    995
3024    985
3025    972
3026    957
3027    945
3028    930
3029    913
3030    895
3031    872
3032    851
3033    828
3034    804
3035    778
3036    750
3037    721
3038    689
3039    655
3040    617
3041    578
3042    539
3043    494
3044    447
3045    401
3046    353
3047    304
3048    252
3049    198
3050    144
3051    90
3052    35
3053    -20
3054    -78
3055    -134
3056    -192
3057    -249
3058    -305
3059    -357
3060    -409
3061    -461
3062    -510
3063    -558
3064    -602
3065    -644
3066    -684
3067    -723
3068    -762
3069    -797
3070    -828
3071    -855
3072    -879
3073    -900
3074    -916
3075    -929
3076    -939
3077    -947
3078    -948
3079    -945
3080    -938
3081    -926
3082    -910
3083    -891
3084    -866
3085    -838
3086    -808
3087    -775
3088    -737
3089    -695
3090    -654
3091    -608
3092    -562
3093    -514
3094    -465
3095    -416
3096    -366
3097    -312
3098    -255
3099    -201
3100    -146
3101    -89
3102    -35
3103    16
3104    70
3105    125
3106    178
3107    232
3108    282
3109    328
3110    372
3111    413
3112    451
3113    487
3114    517
3115    544
3116    568
3117    588
3118    603
3119    615
3120    623
3121    628
3122    629
3123    623
3124    615
3125    604
3126    588
3127    570
3128    547
3129    521
3130    493
3131    463
3132    432
3133    401
3134    369
3135    338
3136    305
3137    274
3138    244
3139    215
3140    189
3141    163
3142    139
3143    117
3144    98
3145    82
3146    70
3147    62
3148    55
3149    52
3150    55
3151    62
3152    69
3153    80
3154    97
3155    116
3156    139
3157    166
3158    191
3159    221
3160    249
3161    278
3162    310
3163    339
3164    370
3165    399
3166    428
3167    457
3168    486
3169    513
3170    541
3171    565
3172    586
3173    606
3174    623
3175    642
3176    658
3177    670
3178    677
3179    682
3180    682
3181    678
3182    667
3183    655
3184    639
3185    617
3186    593
3187    565
3188    535
3189    503
3190    468
3191    434
3192    396
3193    355
3194    314
3195    273
3196    234
3197    193
3198    152
3199    113
3200    73
3201    35
3202    -2
3203    -39
3204    -77
3205    -115
3206    -149
3207    -183
3208    -215
3209    -247
3210    -276
3211    -305
3212    -332
3213    -358
3214    -385
3215    -410
3216    -436
3217    -462
3218    -486
3219    -511
3220    -530
3221    -548
3222    -566
3223    -580
3224    -594
3225    -604
3226    -612
3227    -616
3228    -620
3229    -622
3230    -623
3231    -625
3232    -624
3233    -624
3234    -621
3235    -617
3236    -614
3237    -609
3238    -600
3239    -591
3240    -580
3241    -565
3242    -549
3243    -530
3244    -507
3245    -485
3246    -458
3247    -428
3248    -397
3249    -362
3250    -328
3251    -292
3252    -255
3253    -218
3254    -183
3255    -150
3256    -118
3257    -86
3258    -54
3259    -22
3260    8
3261    41
3262    73
3263    104
3264    139
3265    172
3266    204
3267    232
3268    258
3269    285
3270    310
3271    333
3272    354
3273    368
3274    383
3275    396
3276    407
3277    418
3278    424
3279    431
3280    441
3281    448
3282    454
3283    457
3284    460
3285    466
3286    472
3287    473
3288    477
3289    480
3290    481
3291    482
3292    480
3293    476
3294    472
3295    469
3296    466
3297    460
3298    454
3299    450
3300    448
3301    445
3302    444
3303    445
3304    449
3305    455
3306    460
3307    466
3308    474
3309    482
3310    491
3311    503
3312    514
3313    524
3314    532
3315    540
3316    551
3317    561
3318    570
3319    579
3320    587
3321    597
3322    608
3323    615
3324    623
3325    633
3326    640
3327    647
3328    653
3329    655
3330    654
3331    653
3332    650
3333    644
3334    637
3335    626
3336    612
3337    597
3338    580
3339    559
3340    537
3341    515
3342    491
3343    465
3344    434
3345    399
3346    363
3347    328
3348    291
3349    251
3350    210
3351    166
3352    118
3353    70
3354    21
3355    -33
3356    -87
3357    -140
3358    -195
3359    -250
3360    -308
3361    -367
3362    -429
3363    -487
3364    -545
3365    -606
3366    -664
3367    -720
3368    -773
3369    -823
3370    -870
3371    -914
3372    -955
3373    -987
3374    -1018
3375    -1044
3376    -1063
3377    -1078
3378    -1089
3379    -1097
3380    -1100
3381    -1101
3382    -1098
3383    -1088
3384    -1074
3385    -1056
3386    -1037
3387    -1015
3388    -990
3389    -966
3390    -942
3391    -916
3392    -891
3393    -866
3394    -838
3395    -809
3396    -777
3397    -743
3398    -711
3399    -677
3400    -638
3401    -596
3402    -550
3403    -503
3404    -456
3405    -407
3406    -355
3407    -305
3408    -252
3409    -195
3410    -139
3411    -84
3412    -27
3413    28
3414    84
3415    143
3416    198
3417    250
3418    304
3419    357
3420    406
3421    455
3422    505
3423    552
3424    597
3425    645
3426    692
3427    737
3428    784
3429    827
3430    871
3431    914
3432    956
3433    998
3434    1039
3435    1078
3436    1118
3437    1155
3438    1189
3439    1221
3440    1254
3441    1286
3442    1317
3443    1345
3444    1372
3445    1396
3446    1418
3447    1439
3448    1455
3449    1472
3450    1484
3451    1489
3452    1493
3453    1490
3454    1483
3455    1472
3456    1453
3457    1432
3458    1406
3459    1377
3460    1342
3461    1303
3462    1262
3463    1217
3464    1167
3465    1114
3466    1058
3467    997
3468    934
3469    868
3470    800
3471    729
3472    657
3473    584
3474    508
3475    432
3476    357
3477    280
3478    202
3479    122
3480    44
3481    -28
3482    -100
3483    -171
3484    -239
3485    -306
3486    -371
3487    -432
3488    -489
3489    -545
3490    -599
3491    -651
3492    -702
3493    -753
3494    -802
3495    -848
3496    -898
3497    -944
3498    -991
3499    -1037
3500    -1082
3501    -1127
3502    -1170
3503    -1212
3504    -1252
3505    -1291
3506    -1329
3507    -1360
3508    -1386
3509    -1408
3510    -1425
3511    -1440
3512    -1451
3513    -1457
3514    -1458
3515    -1456
3516    -1449
3517    -1438
3518    -1424
3519    -1407
3520    -1387
3521    -1365
3522    -1339
3523    -1310
3524    -1278
3525    -1244
3526    -1207
3527    -1166
3528    -1121
3529    -1074
3530    -1023
3531    -966
3532    -907
3533    -846
3534    -783
3535    -717
3536    -644
3537    -570
3538    -495
3539    -417
3540    -335
3541    -252
3542    -168
3543    -78
3544    99
3545    193
3546    285
3547    375
3548    465
3549    555
3550    644
3551    731
3552    817
3553    901
3554    979
3555    1055
3556    1127
3557    1196
3558    1261
3559    1321
3560    1378
3561    1428
3562    1473
3563    1516
3564    1553
3565    1585
3566    1612
3567    1634
3568    1654
3569    1669
3570    1679
3571    1688
3572    1690
3573    1690
3574    1685
3575    1676
3576    1666
3577    1647
3578    1625
3579    1599
3580    1565
3581    1526
3582    1482
3583    1434
3584    1379
3585    1320
3586    1256
3587    1192
3588    1125
3589    1054
3590    984
3591    911
3592    839
3593    771
3594    702
3595    635
3596    570
3597    510
3598    450
3599    390
3600    335
3601    280
3602    228
3603    176
3604    125
3605    76
3606    28
3607    -20
3608    -69
3609    -119
3610    -164
3611    -209
3612    -255
3613    -299
3614    -344
3615    -387
3616    -424
3617    -464
3618    -500
3619    -538
3620    -573
3621    -605
3622    -640
3623    -672
3624    -702
3625    -727
3626    -753
3627    -778
3628    -800
3629    -820
3630    -839
3631    -861
3632    -880
3633    -898
3634    -917
3635    -934
3636    -953
3637    -968
3638    -981
3639    -995
3640    -1003
3641    -1011
3642    -1019
3643    -1023
3644    -1024
3645    -1024
3646    -1027
3647    -1025
3648    -1025
3649    -1025
3650    -1020
3651    -1013
3652    -1004
3653    -992
3654    -976
3655    -956
3656    -937
3657    -914
3658    -885
3659    -856
3660    -823
3661    -787
3662    -751
3663    -712
3664    -669
3665    -625
3666    -578
3667    -530
3668    -482
3669    -428
3670    -371
3671    -312
3672    -251
3673    -189
3674    -123
3675    -56
3676    11
3677    82
3678    157
3679    234
3680    310
3681    387
3682    465
3683    544
3684    623
3685    701
3686    777
3687    850
3688    922
3689    993
3690    1061
3691    1124
3692    1180
3693    1233
3694    1280
3695    1321
3696    1357
3697    1386
3698    1414
3699    1435
3700    1450
3701    1460
3702    1467
3703    1470
3704    1468
3705    1463
3706    1452
3707    1436
3708    1419
3709    1399
3710    1377
3711    1351
3712    1320
3713    1287
3714    1250
3715    1209
3716    1165
3717    1120
3718    1070
3719    1017
3720    964
3721    910
3722    853
3723    796
3724    738
3725    679
3726    616
3727    551
3728    487
3729    422
3730    356
3731    289
3732    219
3733    152
3734    87
3735    22
3736    -40
3737    -102
3738    -164
3739    -221
3740    -277
3741    -332
3742    -387
3743    -440
3744    -489
3745    -537
3746    -582
3747    -625
3748    -666
3749    -705
3750    -742
3751    -775
3752    -808
3753    -841
3754    -870
3755    -895
3756    -915
3757    -934
3758    -949
3759    -961
3760    -968
3761    -971
3762    -969
3763    -962
3764    -953
3765    -940
3766    -923
3767    -902
3768    -880
3769    -854
3770    -824
3771    -794
3772    -763
3773    -730
3774    -693
3775    -657
3776    -623
3777    -583
3778    -545
3779    -506
3780    -466
3781    -425
3782    -385
3783    -346
3784    -304
3785    -262
3786    -222
3787    -182
3788    -145
3789    -107
3790    -66
3791    -24
3792    17
3793    60
3794    105
3795    154
3796    205
3797    255
3798    305
3799    353
3800    404
3801    458
3802    510
3803    561
3804    609
3805    652
3806    692
3807    731
3808    763
3809    789
3810    814
3811    834
3812    849
3813    862
3814    873
3815    882
3816    887
3817    892
3818    895
3819    898
3820    902
3821    900
3822    895
3823    890
3824    882
3825    871
3826    862
3827    848
3828    832
3829    814
3830    792
3831    768
3832    742
3833    713
3834    680
3835    645
3836    610
3837    574
3838    531
3839    486
3840    443
3841    397
3842    354
3843    309
3844    262
3845    216
3846    170
3847    125
3848    79
3849    33
3850    -13
3851    -59
3852    -103
3853    -145
3854    -187
3855    -230
3856    -273
3857    -314
3858    -352
3859    -390
3860    -427
3861    -460
3862    -493
3863    -522
3864    -548
3865    -571
3866    -591
3867    -609
3868    -623
3869    -634
3870    -642
3871    -643
3872    -642
3873    -638
3874    -631
3875    -623
3876    -609
3877    -593
3878    -576
3879    -556
3880    -540
3881    -521
3882    -500
3883    -480
3884    -456
3885    -430
3886    -404
3887    -376
3888    -347
3889    -318
3890    -288
3891    -258
3892    -227
3893    -192
3894    -158
3895    -124
3896    -87
3897    -49
3898    -9
3899    32
3900    72
3901    110
3902    149
3903    186
3904    220
3905    252
3906    281
3907    307
3908    331
3909    354
3910    372
3911    387
3912    399
3913    409
3914    418
3915    424
3916    428
3917    432
3918    436
3919    442
3920    448
3921    451
3922    455
3923    459
3924    462
3925    464
3926    464
3927    462
3928    458
3929    454
3930    448
3931    445
3932    440
3933    432
3934    423
3935    413
3936    401
3937    389
3938    375
3939    356
3940    336
3941    319
3942    301
3943    281
3944    262
3945    241
3946    220
3947    199
3948    180
3949    161
3950    142
3951    123
3952    105
3953    91
3954    78
3955    67
3956    57
3957    49
3958    42
3959    34
3960    31
3961    29
3962    27
3963    28
3964    30
3965    33
3966    42
3967    51
3968    60
3969    71
3970    82
3971    93
3972    107
3973    123
3974    141
3975    156
3976    174
3977    193
3978    213
3979    232
3980    250
3981    269
3982    286
3983    303
3984    319
3985    334
3986    345
3987    355
3988    364
3989    369
3990    369
3991    363
3992    356
3993    346
3994    335
3995    321
3996    300
3997    281
3998    258
3999    228
4000    202
4001    176
4002    152
4003    126
4004    99
4005    76
4006    51
4007    24
4008    -23
4009    -45
4010    -67
4011    -90
4012    -115
4013    -138
4014    -158
4015    -180
4016    -200
4017    -221
4018    -243
4019    -264
4020    -287
4021    -308
4022    -331
4023    -352
4024    -371
4025    -391
4026    -408
4027    -421
4028    -429
4029    -434
4030    -437
4031    -435
4032    -432
4033    -428
4034    -423
4035    -417
4036    -409
4037    -401
4038    -394
4039    -384
4040    -372
4041    -361
4042    -350
4043    -339
4044    -327
4045    -316
4046    -305
4047    -293
4048    -284
4049    -272
4050    -263
4051    -257
4052    -251
4053    -244
4054    -239
4055    -237
4056    -234
4057    -229
4058    -222
4059    -211
4060    -200
4061    -185
4062    -166
4063    -144
4064    -119
4065    -89
4066    -57
4067    -24
4068    11
4069    52
4070    96
4071    144
4072    195
4073    245
4074    296
4075    351
4076    409
4077    463
4078    513
4079    563
4080    611
4081    657
4082    700
4083    741
4084    780
4085    819
4086    857
4087    892
4088    925
4089    954
4090    979
4091    1002
4092    1018
4093    1033
4094    1042
4095    1047
4096    1049
4097    1048
4098    1043
4099    1033
4100    1018
4101    995
4102    967
4103    937
4104    901
4105    865
4106    825
4107    782
4108    740
4109    693
4110    647
4111    601
4112    550
4113    498
4114    446
4115    396
4116    347
4117    299
4118    251
4119    204
4120    157
4121    110
4122    63
4123    18
4124    -23
4125    -70
4126    -113
4127    -155
4128    -193
4129    -226
4130    -260
4131    -290
4132    -319
4133    -343
4134    -364
4135    -386
4136    -402
4137    -420
4138    -436
4139    -446
4140    -459
4141    -468
4142    -478
4143    -490
4144    -497
4145    -506
4146    -512
4147    -517
4148    -521
4149    -518
4150    -515
4151    -508
4152    -498
4153    -488
4154    -472
4155    -459
4156    -442
4157    -425
4158    -410
4159    -391
4160    -377
4161    -360
4162    -344
4163    -330
4164    -315
4165    -304
4166    -292
4167    -279
4168    -267
4169    -256
4170    -246
4171    -236
4172    -226
4173    -217
4174    -208
4175    -200
4176    -190
4177    -179
4178    -173
4179    -161
4180    -148
4181    -135
4182    -120
4183    -108
4184    -92
4185    -80
4186    -69
4187    -53
4188    -39
4189    -23
4190    -5
4191    11
4192    30
4193    50
4194    68
4195    85
4196    103
4197    123
4198    141
4199    160
4200    175
4201    190
4202    208
4203    225
4204    242
4205    256
4206    270
4207    283
4208    295
4209    303
4210    312
4211    317
4212    319
4213    317
4214    315
4215    309
4216    305
4217    300
4218    293
4219    287
4220    278
4221    270
4222    263
4223    254
4224    246
4225    238
4226    231
4227    225
4228    217
4229    211
4230    209
4231    207
4232    207
4233    208
4234    208
4235    211
4236    214
4237    220
4238    228
4239    236
4240    245
4241    252
4242    260
4243    269
4244    283
4245    295
4246    307
4247    324
4248    340
4249    358
4250    376
4251    398
4252    421
4253    443
4254    464
4255    489
4256    515
4257    542
4258    571
4259    601
4260    630
4261    654
4262    680
4263    705
4264    725
4265    742
4266    754
4267    762
4268    767
4269    764
4270    760
4271    753
4272    741
4273    725
4274    705
4275    682
4276    655
4277    625
4278    593
4279    554
4280    514
4281    473
4282    427
4283    379
4284    328
4285    275
4286    224
4287    173
4288    120
4289    67
4290    12
4291    -42
4292    -95
4293    -148
4294    -202
4295    -253
4296    -304
4297    -352
4298    -397
4299    -443
4300    -489
4301    -533
4302    -571
4303    -606
4304    -641
4305    -676
4306    -707
4307    -730
4308    -747
4309    -761
4310    -774
4311    -785
4312    -790
4313    -793
4314    -790
4315    -783
4316    -772
4317    -756
4318    -739
4319    -721
4320    -701
4321    -678
4322    -652
4323    -626
4324    -598
4325    -571
4326    -546
4327    -517
4328    -488
4329    -461
4330    -436
4331    -412
4332    -389
4333    -366
4334    -344
4335    -327
4336    -311
4337    -293
4338    -276
4339    -261
4340    -248
4341    -235
4342    -224
4343    -212
4344    -197
4345    -183
4346    -173
4347    -159
4348    -144
4349    -126
4350    -106
4351    -82
4352    -57
4353    -30
4354    0
4355    26
4356    58
4357    92
4358    127
4359    164
4360    201
4361    237
4362    273
4363    306
4364    338
4365    370
4366    399
4367    430
4368    458
4369    484
4370    513
4371    539
4372    567
4373    596
4374    624
4375    657
4376    689
4377    723
4378    756
4379    787
4380    820
4381    851
4382    879
4383    904
4384    924
4385    941
4386    955
4387    964
4388    973
4389    978
4390    978
4391    972
4392    962
4393    952
4394    941
4395    931
4396    917
4397    900
4398    883
4399    864
4400    845
4401    823
4402    798
4403    772
4404    742
4405    712
4406    681
4407    650
4408    621
4409    592
4410    560
4411    528
4412    496
4413    463
4414    430
4415    398
4416    366
4417    332
4418    299
4419    263
4420    228
4421    196
4422    161
4423    125
4424    85
4425    42
4426    0
4427    -43
4428    -84
4429    -127
4430    -173
4431    -221
4432    -268
4433    -313
4434    -358
4435    -401
4436    -443
4437    -486
4438    -526
4439    -567
4440    -607
4441    -644
4442    -682
4443    -715
4444    -745
4445    -774
4446    -803
4447    -830
4448    -853
4449    -873
4450    -888
4451    -905
4452    -920
4453    -929
4454    -935
4455    -939
4456    -938
4457    -932
4458    -925
4459    -912
4460    -896
4461    -879
4462    -856
4463    -832
4464    -803
4465    -769
4466    -735
4467    -697
4468    -659
4469    -622
4470    -585
4471    -545
4472    -504
4473    -462
4474    -419
4475    -374
4476    -325
4477    -276
4478    -226
4479    -175
4480    -124
4481    -72
4482    -16
4483    39
4484    93
4485    147
4486    199
4487    254
4488    308
4489    360
4490    412
4491    461
4492    512
4493    560
4494    604
4495    646
4496    683
4497    719
4498    750
4499    780
4500    807
4501    830
4502    850
4503    864
4504    876
4505    885
4506    891
4507    894
4508    891
4509    889
4510    880
4511    865
4512    849
4513    832
4514    811
4515    789
4516    770
4517    748
4518    724
4519    699
4520    679
4521    660
4522    639
4523    618
4524    595
4525    571
4526    547
4527    523
4528    498
4529    473
4530    446
4531    419
4532    391
4533    364
4534    337
4535    308
4536    282
4537    252
4538    223
4539    193
4540    163
4541    134
4542    104
4543    76
4544    46
4545    15
4546    -13
4547    -43
4548    -72
4549    -101
4550    -131
4551    -157
4552    -182
4553    -207
4554    -228
4555    -245
4556    -260
4557    -269
4558    -273
4559    -272
4560    -268
4561    -260
4562    -250
4563    -238
4564    -219
4565    -198
4566    -175
4567    -154
4568    -130
4569    -106
4570    -82
4571    -56
4572    -29
4573    -3
4574    19
4575    45
4576    70
4577    93
4578    113
4579    130
4580    146
4581    155
4582    160
4583    164
4584    163
4585    160
4586    152
4587    143
4588    133
4589    119
4590    102
4591    83
4592    63
4593    44
4594    21
4595    -5
4596    -34
4597    -61
4598    -87
4599    -111
4600    -136
4601    -164
4602    -191
4603    -216
4604    -241
4605    -267
4606    -292
4607    -319
4608    -344
4609    -369
4610    -394
4611    -420
4612    -443
4613    -464
4614    -482
4615    -495
4616    -507
4617    -517
4618    -521
4619    -517
4620    -507
4621    -493
4622    -478
4623    -459
4624    -434
4625    -404
4626    -369
4627    -334
4628    -296
4629    -256
4630    -214
4631    -167
4632    -121
4633    -75
4634    -30
4635    18
4636    67
4637    113
4638    158
4639    201
4640    246
4641    290
4642    333
4643    374
4644    412
4645    451
4646    487
4647    521
4648    551
4649    577
4650    600
4651    621
4652    642
4653    658
4654    670
4655    681
4656    691
4657    700
4658    704
4659    708
4660    710
4661    710
4662    709
4663    707
4664    707
4665    705
4666    700
4667    695
4668    691
4669    684
4670    677
4671    668
4672    656
4673    643
4674    628
4675    610
4676    590
4677    572
4678    550
4679    528
4680    509
4681    489
4682    466
4683    442
4684    420
4685    396
4686    372
4687    350
4688    326
4689    302
4690    276
4691    248
4692    222
4693    193
4694    163
4695    137
4696    109
4697    80
4698    51
4699    22
4700    -4
4701    -31
4702    -57
4703    -81
4704    -105
4705    -131
4706    -157
4707    -179
4708    -201
4709    -221
4710    -239
4711    -258
4712    -275
4713    -293
4714    -309
4715    -323
4716    -335
4717    -345
4718    -357
4719    -367
4720    -373
4721    -378
4722    -384
4723    -391
4724    -397
4725    -405
4726    -413
4727    -420
4728    -426
4729    -432
4730    -439
4731    -446
4732    -452
4733    -459
4734    -466
4735    -469
4736    -472
4737    -476
4738    -479
4739    -483
4740    -486
4741    -486
4742    -486
4743    -486
4744    -486
4745    -484
4746    -481
4747    -477
4748    -472
4749    -464
4750    -455
4751    -445
4752    -434
4753    -422
4754    -404
4755    -387
4756    -366
4757    -340
4758    -314
4759    -286
4760    -256
4761    -222
4762    -183
4763    -145
4764    -107
4765    -65
4766    -22
4767    22
4768    69
4769    115
4770    163
4771    212
4772    261
4773    312
4774    362
4775    412
4776    461
4777    509
4778    556
4779    604
4780    651
4781    695
4782    737
4783    780
4784    820
4785    859
4786    898
4787    934
4788    967
4789    1002
4790    1032
4791    1061
4792    1088
4793    1110
4794    1131
4795    1148
4796    1161
4797    1167
4798    1170
4799    1171
4800    1163
4801    1151
4802    1138
4803    1120
4804    1096
4805    1067
4806    1032
4807    996
4808    955
4809    905
4810    852
4811    793
4812    731
4813    666
4814    597
4815    527
4816    456
4817    384
4818    310
4819    235
4820    161
4821    89
4822    17
4823    -52
4824    -123
4825    -190
4826    -252
4827    -315
4828    -375
4829    -432
4830    -484
4831    -531
4832    -575
4833    -614
4834    -651
4835    -684
4836    -711
4837    -736
4838    -759
4839    -780
4840    -798
4841    -812
4842    -823
4843    -831
4844    -836
4845    -836
4846    -835
4847    -826
4848    -814
4849    -797
4850    -776
4851    -754
4852    -726
4853    -700
4854    -672
4855    -643
4856    -614
4857    -581
4858    -548
4859    -517
4860    -484
4861    -453
4862    -422
4863    -390
4864    -354
4865    -320
4866    -285
4867    -250
4868    -216
4869    -179
4870    -140
4871    -103
4872    -66
4873    -31
4874    3
4875    36
4876    68
4877    97
4878    126
4879    151
4880    174
4881    194
4882    208
4883    219
4884    230
4885    244
4886    257
4887    269
4888    281
4889    294
4890    307
4891    321
4892    334
4893    349
4894    367
4895    383
4896    401
4897    418
4898    439
4899    458
4900    475
4901    491
4902    504
4903    517
4904    529
4905    537
4906    545
4907    549
4908    553
4909    556
4910    557
4911    554
4912    549
4913    544
4914    537
4915    527
4916    517
4917    505
4918    492
4919    479
4920    465
4921    450
4922    433
4923    414
4924    396
4925    378
4926    362
4927    349
4928    337
4929    327
4930    320
4931    316
4932    311
4933    309
4934    309
4935    310
4936    315
4937    320
4938    322
4939    325
4940    327
4941    329
4942    330
4943    328
4944    324
4945    317
4946    308
4947    297
4948    282
4949    265
4950    247
4951    227
4952    205
4953    182
4954    158
4955    132
495